function [cost,constraints] = setup_problem_matrix_P2()
cost = [0, 0, -7973;
        1, 0, 2349;
        2, 0, 68121;
        3, 0, 658500;
        0, 1, 120000;
        0, 2, -600000;
        0, 3, 1000000];

g1 = [0, 0, 11;
      1, 0, -1392;
      2, 0, -7569;
      0, 1, 1000;
      0, 2, -10000];
  
g2 = [0, 0, -8.81;
      1, 0, 1218;
      2, 0, 7569;
      0, 1, -1000;
      0, 2, 10000];
  
constraints = {g1;g2};

end

