function [cost,constraints] = setup_problem_matrix_P5(num)
cost = [0,  0,  0,  -5;
        0,  0,  1,   10];

g1 = [     0           0           0        -149;
           1           0           0        2180;
           2           0           0       -5800;
           3           0           0        4000;
           0           1           0        -200;
           1           1           0         400;
           0           0           1         -10];
  
g2 = [     0           0           0         159;
           1           0           0       -2180;
           2           0           0        5800;
           3           0           0       -4000;
           0           1           0         200;
           1           1           0        -400;
           0           0           1         -10];
       
g3 = [     0           0           0        -237
           1           0           0        -400
           2           0           0         200
           0           1           0        2540
           0           2           0       -6000
           0           3           0        4000
           1           1           0         400
           0           0           1         -10
];

g4 = [     0           0           0         247
           1           0           0         400
           2           0           0        -200
           0           1           0       -2540
           0           2           0        6000
           0           3           0       -4000
           1           1           0        -400
           0           0           1         -10];
  
constraints = {g1;g2;g3;g4};

end

