function [cost,constraints] = setup_problem_matrix_P7()
cost = [0   0   0   1   5];

g1 = [0    0    0     0    1.4000;
    1.0000    0    0          0   -5.0000;
         0   0    0      1.0000   -1.2500];
  
g2 = [0   0    0      0   -1.4000;
    1.0000    0    0     0    5.0000;
         0  0    0       1.0000   -1.2500];
       
g3 = [0      0     0    0    1.5000;
    0  1.0000    0     0   -5.0000;
    0     0  0  1.0000   -1.0000];

g4 = [   0      0     0    0   -1.5000;
    0   1.0000     0    0    5.0000;
      0   0  0  1.0000   -1.0000];
  
g5 = [ 0    0     0         0    0.8000;
    0    0   1.0000         0   -5.0000;
      0    0      0    1.0000   -1.0000];
  
g6 = [   0    0     0         0   -0.8000;
    0    0    1.0000         0    5.0000;
     0    0    0    1.0000   -1.0000];
  
constraints = {g1;g2;g3;g4;g5;g6};



end

